0.199000 0.300654 0.403617 
0.198066 0.301227 0.407446 
0.197220 0.301714 0.411506 
0.196488 0.302112 0.415814 
0.195899 0.302417 0.420391 
0.195487 0.302622 0.425259 
0.195288 0.302717 0.430444 
0.195346 0.302690 0.435974 
0.195709 0.302517 0.441880 
0.196431 0.302163 0.448196 
0.197575 0.301574 0.454959 
0.199207 0.300666 0.462207 
0.201393 0.299314 0.469976 
0.204188 0.297327 0.478292 
0.207605 0.294428 0.487158 
0.211566 0.290226 0.496527 
0.215800 0.284220 0.506249 
0.219712 0.275877 0.516001 
0.222287 0.264891 0.525193 
0.222283 0.251614 0.532939 
0.218950 0.237322 0.538248 
0.212811 0.223691 0.540518 
0.205350 0.211820 0.539935 
0.197914 0.201954 0.537280 
0.191180 0.193869 0.533411 
0.185321 0.187223 0.528970 
0.180285 0.181701 0.524348 
0.175951 0.177051 0.519760 
0.172197 0.173081 0.515315 
0.168918 0.169646 0.511063 
0.166026 0.166641 0.507021 
0.163455 0.163983 0.503192 
0.161150 0.161610 0.499566 
0.159069 0.159474 0.496133 
0.157176 0.157538 0.492879 
0.155446 0.155771 0.489791 
0.153854 0.154150 0.486857 
0.152384 0.152654 0.484065 
0.151020 0.151268 0.481403 
0.149749 0.149978 0.478862 
0.148560 0.148772 0.476432 
0.147445 0.147643 0.474105 
0.146395 0.146581 0.471874 
0.145405 0.145579 0.469732 
0.144468 0.144632 0.467672 
0.143580 0.143734 0.465689 
0.142735 0.142882 0.463779 
0.141932 0.142071 0.461935 
0.141165 0.141297 0.460155 
0.140432 0.140558 0.458434 
0.139730 0.139850 0.456769 
0.139057 0.139172 0.455156 
0.138412 0.138522 0.453593 
0.137791 0.137897 0.452077 
0.137193 0.137295 0.450604 
0.136618 0.136716 0.449174 
0.136062 0.136157 0.447783 
0.135526 0.135617 0.446430 
0.135007 0.135095 0.445113 
0.134506 0.134591 0.443830 
0.134020 0.134102 0.442579 
0.133549 0.133628 0.441359 
0.133092 0.133169 0.440169 
0.132649 0.132723 0.439007 
0.132218 0.132290 0.437872 
0.131799 0.131869 0.436763 
0.131392 0.131460 0.435679 
0.130995 0.131062 0.434619 
0.130609 0.130673 0.433581 
0.130232 0.130295 0.432565 
0.129865 0.129927 0.431571 
0.129507 0.129567 0.430596 
0.129157 0.129216 0.429641 
0.128816 0.128873 0.428705 
0.128482 0.128538 0.427787 
0.128156 0.128211 0.426886 
0.127837 0.127890 0.426002 
0.127525 0.127577 0.425135 
0.127220 0.127271 0.424283 
0.126921 0.126971 0.423446 
0.126628 0.126677 0.422624 
0.126341 0.126389 0.421816 
0.126060 0.126106 0.421021 
0.125784 0.125830 0.420240 
0.125513 0.125558 0.419472 
0.125248 0.125292 0.418717 
0.124987 0.125031 0.417973 
0.124731 0.124774 0.417241 
0.124480 0.124522 0.416521 
0.124233 0.124274 0.415812 
0.123991 0.124031 0.415113 
0.123753 0.123792 0.414425 
0.123518 0.123557 0.413747 
0.123288 0.123326 0.413079 
0.123061 0.123099 0.412421 
0.122838 0.122875 0.411772 
0.122619 0.122655 0.411132 
0.122403 0.122439 0.410500 
0.122190 0.122226 0.409878 
0.121981 0.122016 0.409264 
0.121775 0.121809 0.408658 
0.121572 0.121606 0.408060 
0.121372 0.121405 0.407470 
0.121175 0.121207 0.406888 
0.120980 0.121012 0.406313 
0.120789 0.120820 0.405745 
0.120600 0.120631 0.405184 
0.120413 0.120444 0.404630 
0.120229 0.120260 0.404083 
0.120048 0.120078 0.403543 
0.119869 0.119899 0.403009 
0.119693 0.119722 0.402481 
0.119519 0.119548 0.401960 
0.119347 0.119375 0.401444 
0.119177 0.119205 0.400935 
0.119009 0.119037 0.400431 
0.118844 0.118871 0.399933 
0.118680 0.118707 0.399440 
0.118519 0.118545 0.398953 
0.118359 0.118386 0.398471 
0.118201 0.118228 0.397995 
0.118046 0.118071 0.397523 
0.117892 0.117917 0.397057 
0.117739 0.117765 0.396595 
0.117589 0.117614 0.396138 
0.117440 0.117465 0.395686 
0.117293 0.117318 0.395239 
0.117148 0.117172 0.394796 
0.117004 0.117028 0.394357 
0.116862 0.116885 0.393923 
0.116721 0.116744 0.393493 
0.116582 0.116605 0.393067 
0.116444 0.116467 0.392646 
0.116308 0.116330 0.392228 
0.116173 0.116195 0.391814 
0.116039 0.116061 0.391405 
0.115907 0.115929 0.390999 
0.115776 0.115798 0.390597 
0.115647 0.115668 0.390198 
0.115519 0.115540 0.389804 
0.115392 0.115413 0.389413 
0.115266 0.115287 0.389025 
0.115142 0.115162 0.388641 
0.115018 0.115039 0.388260 
0.114896 0.114917 0.387882 
0.114775 0.114796 0.387508 
0.114656 0.114676 0.387137 
0.114537 0.114557 0.386770 
0.114419 0.114439 0.386405 
0.114303 0.114322 0.386043 
0.114187 0.114207 0.385685 
0.114073 0.114092 0.385329 
0.113960 0.113978 0.384977 
0.113847 0.113866 0.384627 
0.113736 0.113754 0.384280 
0.113625 0.113644 0.383936 
0.113516 0.113534 0.383595 
0.113407 0.113425 0.383256 
0.113300 0.113318 0.382920 
0.113193 0.113211 0.382587 
0.113087 0.113105 0.382256 
0.112982 0.113000 0.381928 
0.112878 0.112896 0.381603 
0.112775 0.112792 0.381279 
0.112673 0.112690 0.380959 
0.112571 0.112588 0.380641 
0.112471 0.112487 0.380325 
0.112371 0.112387 0.380011 
0.112272 0.112288 0.379700 
0.112173 0.112190 0.379391 
0.112076 0.112092 0.379084 
0.111979 0.111995 0.378780 
0.111883 0.111899 0.378478 
0.111788 0.111803 0.378178 
0.111693 0.111709 0.377880 
0.111599 0.111615 0.377584 
0.111506 0.111521 0.377290 
0.111413 0.111429 0.376998 
0.111322 0.111337 0.376709 
0.111231 0.111246 0.376421 
0.111140 0.111155 0.376135 
0.111050 0.111065 0.375851 
0.110961 0.110976 0.375570 
0.110873 0.110887 0.375290 
0.110785 0.110799 0.375012 
0.110698 0.110712 0.374735 
0.110611 0.110625 0.374461 
0.110525 0.110539 0.374188 
0.110439 0.110454 0.373917 
0.110355 0.110369 0.373648 
0.110270 0.110284 0.373381 
0.110187 0.110201 0.373115 
0.110104 0.110117 0.372851 
0.110021 0.110035 0.372589 
0.109939 0.109953 0.372328 
0.109858 0.109871 0.372070 
0.109777 0.109790 0.371812 
0.109696 0.109710 0.371556 
0.109616 0.109630 0.371302 
0.109537 0.109550 0.371050 
0.109458 0.109471 0.370798 
0.109380 0.109393 0.370549 
0.109302 0.109315 0.370301 
0.109225 0.109238 0.370054 
0.109148 0.109161 0.369809 
0.109072 0.109084 0.369566 
0.108996 0.109008 0.369323 
0.108920 0.108933 0.369083 
0.108845 0.108858 0.368843 
0.108771 0.108783 0.368605 
0.108697 0.108709 0.368369 
0.108623 0.108636 0.368133 
0.108550 0.108562 0.367900 
0.108478 0.108490 0.367667 
0.108405 0.108417 0.367436 
0.108334 0.108345 0.367206 
0.108262 0.108274 0.366977 
0.108191 0.108203 0.366750 
0.108121 0.108132 0.366524 
0.108051 0.108062 0.366299 
0.107981 0.107992 0.366075 
0.107911 0.107923 0.365853 
0.107843 0.107854 0.365632 
0.107774 0.107785 0.365412 
0.107706 0.107717 0.365193 
0.107638 0.107649 0.364975 
0.107571 0.107582 0.364759 
0.107504 0.107515 0.364544 
0.107437 0.107448 0.364330 
0.107371 0.107382 0.364117 
0.107305 0.107316 0.363905 
0.107239 0.107250 0.363694 
0.107174 0.107185 0.363484 
0.107110 0.107120 0.363276 
0.107045 0.107056 0.363068 
0.106981 0.106992 0.362862 
0.106917 0.106928 0.362656 
0.106854 0.106864 0.362452 
0.106791 0.106801 0.362248 
0.106728 0.106738 0.362046 
0.106665 0.106676 0.361845 
0.106603 0.106614 0.361644 
0.106542 0.106552 0.361445 
0.106480 0.106490 0.361247 
0.106419 0.106429 0.361050 
0.106358 0.106368 0.360853 
0.106298 0.106308 0.360658 
0.106237 0.106247 0.360463 
0.106178 0.106188 0.360270 
0.106118 0.106128 0.360077 
0.106059 0.106069 0.359885 
0.106000 0.106009 0.359695 
0.105941 0.105951 0.359505 
0.105883 0.105892 0.359316 
0.105824 0.105834 0.359128 
0.105767 0.105776 0.358941 
0.105709 0.105719 0.358754 
0.105652 0.105661 0.358569 
0.105595 0.105604 0.358384 
0.105538 0.105548 0.358201 
0.105482 0.105491 0.358018 
0.105425 0.105435 0.357836 
0.105370 0.105379 0.357655 
0.105314 0.105323 0.357474 
0.105259 0.105268 0.357295 
0.105203 0.105213 0.357116 
0.105149 0.105158 0.356938 
0.105094 0.105103 0.356761 
0.105040 0.105049 0.356585 
0.104986 0.104995 0.356409 
0.104932 0.104941 0.356234 
0.104878 0.104887 0.356060 
0.104825 0.104834 0.355887 
0.104772 0.104780 0.355714 
0.104719 0.104728 0.355543 
0.104666 0.104675 0.355372 
0.104614 0.104622 0.355201 
0.104562 0.104570 0.355032 
0.104510 0.104518 0.354863 
0.104458 0.104467 0.354695 
0.104407 0.104415 0.354527 
0.104355 0.104364 0.354361 
0.104304 0.104313 0.354195 
0.104254 0.104262 0.354030 
0.104203 0.104211 0.353865 
0.104153 0.104161 0.353701 
0.104102 0.104111 0.353538 
0.104053 0.104061 0.353375 
0.104003 0.104011 0.353213 
0.103953 0.103962 0.353052 
0.103904 0.103912 0.352892 
0.103855 0.103863 0.352732 
0.103806 0.103814 0.352573 
0.103758 0.103766 0.352414 
0.103709 0.103717 0.352256 
0.103661 0.103669 0.352099 
0.103613 0.103621 0.351942 
0.103565 0.103573 0.351786 
0.103517 0.103525 0.351631 
0.103470 0.103478 0.351476 
0.103423 0.103431 0.351322 
0.103376 0.103383 0.351168 
0.103329 0.103337 0.351015 
0.103282 0.103290 0.350863 
0.103236 0.103243 0.350711 
0.103189 0.103197 0.350560 
0.103143 0.103151 0.350409 
0.103097 0.103105 0.350259 
0.103052 0.103059 0.350110 
0.103006 0.103014 0.349961 
0.102961 0.102968 0.349812 
0.102915 0.102923 0.349665 
0.102870 0.102878 0.349517 
0.102826 0.102833 0.349371 
0.102781 0.102788 0.349225 
0.102736 0.102744 0.349079 
0.102692 0.102699 0.348934 
0.102648 0.102655 0.348790 
0.102604 0.102611 0.348646 
0.102560 0.102567 0.348502 
0.102516 0.102524 0.348360 
0.102473 0.102480 0.348217 
0.102430 0.102437 0.348075 
0.102387 0.102394 0.347934 
0.102344 0.102351 0.347793 
0.102301 0.102308 0.347653 
0.102258 0.102265 0.347513 
0.102216 0.102223 0.347374 
0.102173 0.102180 0.347235 
0.102131 0.102138 0.347097 
0.102089 0.102096 0.346959 
0.102047 0.102054 0.346822 
0.102005 0.102012 0.346685 
0.101964 0.101971 0.346549 
0.101922 0.101929 0.346413 
0.101881 0.101888 0.346278 
0.101840 0.101847 0.346143 
0.101799 0.101806 0.346009 
0.101758 0.101765 0.345875 
0.101718 0.101724 0.345741 
0.101677 0.101684 0.345608 
0.101637 0.101643 0.345476 
0.101596 0.101603 0.345344 
0.101556 0.101563 0.345212 
0.101516 0.101523 0.345081 
0.101477 0.101483 0.344950 
0.101437 0.101444 0.344820 
0.101397 0.101404 0.344690 
0.101358 0.101365 0.344561 
0.101319 0.101325 0.344432 
0.101280 0.101286 0.344303 
0.101241 0.101247 0.344175 
0.101202 0.101208 0.344048 
0.101163 0.101170 0.343920 
0.101125 0.101131 0.343794 
0.101086 0.101092 0.343667 
0.101048 0.101054 0.343541 
0.101010 0.101016 0.343416 
0.100972 0.100978 0.343291 
0.100934 0.100940 0.343166 
0.100896 0.100902 0.343042 
0.100858 0.100864 0.342918 
0.100821 0.100827 0.342794 
0.100783 0.100789 0.342671 
0.100746 0.100752 0.342548 
0.100709 0.100715 0.342426 
0.100672 0.100678 0.342304 
0.100635 0.100641 0.342182 
0.100598 0.100604 0.342061 
0.100561 0.100567 0.341940 
0.100525 0.100531 0.341820 
0.100488 0.100494 0.341700 
0.100452 0.100458 0.341580 
0.100416 0.100422 0.341461 
0.100380 0.100386 0.341342 
0.100344 0.100350 0.341224 
0.100308 0.100314 0.341106 
0.100272 0.100278 0.340988 
0.100236 0.100242 0.340870 
0.100201 0.100207 0.340753 
0.100165 0.100171 0.340637 
0.100130 0.100136 0.340520 
0.100095 0.100101 0.340404 
0.100060 0.100066 0.340289 
0.100025 0.100031 0.340174 
0.099990 0.099996 0.340059 
0.099955 0.099961 0.339944 
0.099921 0.099927 0.339830 
0.099886 0.099892 0.339716 
0.099852 0.099858 0.339603 
0.099818 0.099823 0.339489 
0.099783 0.099789 0.339376 
0.099749 0.099755 0.339264 
0.099715 0.099721 0.339152 
0.099681 0.099687 0.339040 
0.099648 0.099653 0.338928 
0.099614 0.099619 0.338817 
0.099580 0.099586 0.338706 
0.099547 0.099552 0.338596 
0.099513 0.099519 0.338486 
0.099480 0.099486 0.338376 
0.099447 0.099452 0.338266 
0.099414 0.099419 0.338157 
0.099381 0.099386 0.338048 
0.099348 0.099353 0.337940 
0.099315 0.099321 0.337831 
0.099283 0.099288 0.337723 
0.099250 0.099255 0.337616 
0.099217 0.099223 0.337508 
0.099185 0.099190 0.337401 
0.099153 0.099158 0.337294 
0.099121 0.099126 0.337188 
0.099088 0.099094 0.337082 
0.099056 0.099062 0.336976 
0.099025 0.099030 0.336870 
0.098993 0.098998 0.336765 
0.098961 0.098966 0.336660 
0.098929 0.098935 0.336556 
0.098898 0.098903 0.336451 
0.098866 0.098871 0.336347 
0.098835 0.098840 0.336243 
0.098804 0.098809 0.336140 
0.098772 0.098778 0.336037 
0.098741 0.098746 0.335934 
0.098710 0.098715 0.335831 
0.098679 0.098684 0.335729 
0.098648 0.098654 0.335627 
0.098618 0.098623 0.335525 
0.098587 0.098592 0.335423 
0.098556 0.098561 0.335322 
0.098526 0.098531 0.335221 
0.098495 0.098501 0.335120 
0.098465 0.098470 0.335020 
0.098435 0.098440 0.334920 
0.098405 0.098410 0.334820 
0.098375 0.098380 0.334720 
0.098345 0.098350 0.334621 
0.098315 0.098320 0.334522 
0.098285 0.098290 0.334423 
0.098255 0.098260 0.334324 
0.098225 0.098230 0.334226 
0.098196 0.098201 0.334128 
0.098166 0.098171 0.334030 
0.098137 0.098142 0.333933 
0.098108 0.098112 0.333836 
0.098078 0.098083 0.333739 
0.098049 0.098054 0.333642 
0.098020 0.098025 0.333545 
0.097991 0.097996 0.333449 
0.097962 0.097967 0.333353 
0.097933 0.097938 0.333257 
0.097904 0.097909 0.333162 
0.097875 0.097880 0.333066 
0.097847 0.097852 0.332971 
0.097818 0.097823 0.332877 
0.097790 0.097794 0.332782 
0.097761 0.097766 0.332688 
0.097733 0.097738 0.332594 
0.097705 0.097709 0.332500 
0.097676 0.097681 0.332406 
0.097648 0.097653 0.332313 
0.097620 0.097625 0.332220 
0.097592 0.097597 0.332127 
0.097564 0.097569 0.332034 
0.097536 0.097541 0.331942 
0.097509 0.097513 0.331850 
0.097481 0.097485 0.331758 
0.097453 0.097458 0.331666 
0.097426 0.097430 0.331575 
0.097398 0.097403 0.331483 
0.097371 0.097375 0.331392 
0.097343 0.097348 0.331302 
0.097316 0.097321 0.331211 
0.097289 0.097293 0.331121 
0.097262 0.097266 0.331030 
0.097235 0.097239 0.330941 
0.097208 0.097212 0.330851 
0.097181 0.097185 0.330761 
0.097154 0.097158 0.330672 
0.097127 0.097131 0.330583 
0.097100 0.097105 0.330494 
0.097074 0.097078 0.330406 
0.097047 0.097051 0.330317 
0.097020 0.097025 0.330229 
0.096994 0.096998 0.330141 
0.096967 0.096972 0.330053 
0.096941 0.096945 0.329966 
0.096915 0.096919 0.329878 
0.096889 0.096893 0.329791 
0.096862 0.096867 0.329704 
0.096836 0.096841 0.329617 
0.096810 0.096815 0.329531 
0.096784 0.096789 0.329445 
0.096758 0.096763 0.329359 
0.096733 0.096737 0.329273 
0.096707 0.096711 0.329187 
0.096681 0.096685 0.329101 
0.096655 0.096660 0.329016 
0.096630 0.096634 0.328931 
0.096604 0.096608 0.328846 
0.096579 0.096583 0.328761 
0.096553 0.096558 0.328677 
0.096528 0.096532 0.328592 
0.096503 0.096507 0.328508 
0.096477 0.096482 0.328424 
0.096452 0.096456 0.328341 
0.096427 0.096431 0.328257 
0.096402 0.096406 0.328174 
0.096377 0.096381 0.328091 
0.096352 0.096356 0.328008 
0.096327 0.096331 0.327925 
0.096302 0.096306 0.327842 
0.096278 0.096282 0.327760 
0.096253 0.096257 0.327677 
0.096228 0.096232 0.327595 
0.096204 0.096208 0.327514 
0.096179 0.096183 0.327432 
0.096155 0.096159 0.327350 
0.096130 0.096134 0.327269 
0.096106 0.096110 0.327188 
0.096081 0.096085 0.327107 
0.096057 0.096061 0.327026 
0.096033 0.096037 0.326946 
0.096009 0.096013 0.326865 
0.095985 0.095989 0.326785 
0.095961 0.095965 0.326705 
0.095937 0.095941 0.326625 
0.095913 0.095917 0.326545 
0.095889 0.095893 0.326466 
0.095865 0.095869 0.326386 
0.095841 0.095845 0.326307 
0.095817 0.095821 0.326228 
0.095794 0.095798 0.326149 
0.095770 0.095774 0.326071 
0.095747 0.095750 0.325992 
0.095723 0.095727 0.325914 
0.095700 0.095703 0.325836 
0.095676 0.095680 0.325758 
0.095653 0.095657 0.325680 
0.095629 0.095633 0.325602 
0.095606 0.095610 0.325525 
0.095583 0.095587 0.325447 
0.095560 0.095564 0.325370 
0.095537 0.095541 0.325293 
0.095514 0.095518 0.325216 
0.095491 0.095494 0.325140 
0.095468 0.095472 0.325063 
0.095445 0.095449 0.324987 
0.095422 0.095426 0.324911 
0.095399 0.095403 0.324835 
0.095376 0.095380 0.324759 
0.095354 0.095357 0.324683 
0.095331 0.095335 0.324608 
0.095308 0.095312 0.324532 
0.095286 0.095290 0.324457 
0.095263 0.095267 0.324382 
0.095241 0.095245 0.324307 
0.095218 0.095222 0.324232 
0.095196 0.095200 0.324158 
0.095174 0.095177 0.324083 
0.095151 0.095155 0.324009 
0.095129 0.095133 0.323935 
0.095107 0.095111 0.323861 
0.095085 0.095089 0.323787 
0.095063 0.095066 0.323713 
0.095041 0.095044 0.323640 
0.095019 0.095022 0.323566 
0.094997 0.095000 0.323493 
0.094975 0.094978 0.323420 
0.094953 0.094957 0.323347 
0.094931 0.094935 0.323274 
0.094909 0.094913 0.323202 
0.094888 0.094891 0.323129 
0.094866 0.094870 0.323057 
0.094844 0.094848 0.322985 
0.094823 0.094826 0.322913 
0.094801 0.094805 0.322841 
0.094780 0.094783 0.322769 
0.094758 0.094762 0.322697 
0.094737 0.094740 0.322626 
0.094715 0.094719 0.322554 
0.094694 0.094698 0.322483 
0.094673 0.094676 0.322412 
0.094651 0.094655 0.322341 
0.094630 0.094634 0.322270 
0.094609 0.094613 0.322200 
0.094588 0.094591 0.322129 
0.094567 0.094570 0.322059 
0.094546 0.094549 0.321989 
0.094525 0.094528 0.321919 
0.094504 0.094507 0.321849 
0.094483 0.094486 0.321779 
0.094462 0.094466 0.321709 
0.094441 0.094445 0.321640 
0.094421 0.094424 0.321570 
0.094400 0.094403 0.321501 
0.094379 0.094383 0.321432 
0.094358 0.094362 0.321363 
0.094338 0.094341 0.321294 
0.094317 0.094321 0.321225 
0.094297 0.094300 0.321157 
0.094276 0.094280 0.321088 
0.094256 0.094259 0.321020 
0.094235 0.094239 0.320952 
0.094215 0.094218 0.320884 
0.094195 0.094198 0.320816 
0.094174 0.094178 0.320748 
0.094154 0.094157 0.320680 
0.094134 0.094137 0.320612 
0.094114 0.094117 0.320545 
0.094093 0.094097 0.320478 
0.094073 0.094077 0.320411 
0.094053 0.094057 0.320344 
0.094033 0.094037 0.320277 
0.094013 0.094017 0.320210 
0.093993 0.093997 0.320143 
0.093973 0.093977 0.320077 
0.093954 0.093957 0.320010 
0.093934 0.093937 0.319944 
0.093914 0.093917 0.319878 
0.093894 0.093897 0.319812 
0.093874 0.093878 0.319746 
0.093855 0.093858 0.319680 
0.093835 0.093838 0.319614 
0.093815 0.093819 0.319549 
0.093796 0.093799 0.319483 
0.093776 0.093780 0.319418 
0.093757 0.093760 0.319353 
0.093737 0.093741 0.319288 
0.093718 0.093721 0.319223 
0.093698 0.093702 0.319158 
0.093679 0.093682 0.319093 
0.093660 0.093663 0.319028 
0.093641 0.093644 0.318964 
0.093621 0.093624 0.318899 
0.093602 0.093605 0.318835 
0.093583 0.093586 0.318771 
0.093564 0.093567 0.318707 
0.093545 0.093548 0.318643 
0.093526 0.093529 0.318579 
0.093506 0.093510 0.318516 
0.093487 0.093491 0.318452 
0.093469 0.093472 0.318389 
0.093450 0.093453 0.318325 
0.093431 0.093434 0.318262 
0.093412 0.093415 0.318199 
0.093393 0.093396 0.318136 
0.093374 0.093377 0.318073 
0.093355 0.093359 0.318010 
0.093337 0.093340 0.317948 
0.093318 0.093321 0.317885 
0.093299 0.093302 0.317823 
0.093281 0.093284 0.317760 
0.093262 0.093265 0.317698 
0.093244 0.093247 0.317636 
0.093225 0.093228 0.317574 
0.093206 0.093210 0.317512 
0.093188 0.093191 0.317450 
0.093170 0.093173 0.317389 
0.093151 0.093154 0.317327 
0.093133 0.093136 0.317266 
0.093114 0.093118 0.317204 
0.093096 0.093099 0.317143 
0.093078 0.093081 0.317082 
0.093060 0.093063 0.317021 
0.093041 0.093044 0.316960 
0.093023 0.093026 0.316899 
0.093005 0.093008 0.316838 
0.092987 0.092990 0.316778 
0.092969 0.092972 0.316717 
0.092951 0.092954 0.316657 
0.092933 0.092936 0.316596 
0.092915 0.092918 0.316536 
0.092897 0.092900 0.316476 
0.092879 0.092882 0.316416 
0.092861 0.092864 0.316356 
0.092843 0.092846 0.316296 
0.092825 0.092828 0.316237 
0.092808 0.092811 0.316177 
0.092790 0.092793 0.316118 
0.092772 0.092775 0.316058 
0.092754 0.092757 0.315999 
0.092737 0.092740 0.315940 
0.092719 0.092722 0.315881 
0.092702 0.092704 0.315822 
0.092684 0.092687 0.315763 
0.092666 0.092669 0.315704 
0.092649 0.092652 0.315645 
0.092631 0.092634 0.315587 
0.092614 0.092617 0.315528 
0.092596 0.092599 0.315470 
0.092579 0.092582 0.315412 
0.092562 0.092565 0.315353 
0.092544 0.092547 0.315295 
0.092527 0.092530 0.315237 
0.092510 0.092513 0.315179 
0.092492 0.092495 0.315121 
0.092475 0.092478 0.315064 
0.092458 0.092461 0.315006 
0.092441 0.092444 0.314949 
0.092424 0.092427 0.314891 
0.092407 0.092409 0.314834 
0.092390 0.092392 0.314777 
0.092372 0.092375 0.314719 
0.092355 0.092358 0.314662 
0.092338 0.092341 0.314605 
0.092321 0.092324 0.314548 
0.092305 0.092307 0.314492 
0.092288 0.092290 0.314435 
0.092271 0.092274 0.314378 
0.092254 0.092257 0.314322 
0.092237 0.092240 0.314265 
0.092220 0.092223 0.314209 
0.092203 0.092206 0.314153 
0.092187 0.092189 0.314097 
0.092170 0.092173 0.314041 
0.092153 0.092156 0.313985 
0.092137 0.092139 0.313929 
0.092120 0.092123 0.313873 
0.092103 0.092106 0.313817 
0.092087 0.092089 0.313762 
0.092070 0.092073 0.313706 
0.092054 0.092056 0.313651 
0.092037 0.092040 0.313595 
0.092021 0.092023 0.313540 
0.092004 0.092007 0.313485 
0.091988 0.091990 0.313430 
0.091971 0.091974 0.313375 
0.091955 0.091958 0.313320 
0.091939 0.091941 0.313265 
0.091922 0.091925 0.313210 
0.091906 0.091909 0.313156 
0.091890 0.091892 0.313101 
0.091873 0.091876 0.313047 
0.091857 0.091860 0.312992 
0.091841 0.091844 0.312938 
0.091825 0.091828 0.312884 
0.091809 0.091811 0.312830 
0.091793 0.091795 0.312776 
0.091777 0.091779 0.312722 
0.091760 0.091763 0.312668 
0.091744 0.091747 0.312614 
0.091728 0.091731 0.312560 
0.091712 0.091715 0.312507 
0.091696 0.091699 0.312453 
0.091681 0.091683 0.312400 
0.091665 0.091667 0.312346 
0.091649 0.091651 0.312293 
0.091633 0.091635 0.312240 
0.091617 0.091620 0.312186 
0.091601 0.091604 0.312133 
0.091585 0.091588 0.312080 
0.091570 0.091572 0.312028 
0.091554 0.091556 0.311975 
0.091538 0.091541 0.311922 
0.091522 0.091525 0.311869 
0.091507 0.091509 0.311817 
0.091491 0.091494 0.311764 
0.091476 0.091478 0.311712 
0.091460 0.091463 0.311659 
0.091444 0.091447 0.311607 
0.091429 0.091431 0.311555 
0.091413 0.091416 0.311503 
0.091398 0.091400 0.311451 
0.091382 0.091385 0.311399 
0.091367 0.091369 0.311347 
0.091351 0.091354 0.311295 
0.091336 0.091339 0.311244 
0.091321 0.091323 0.311192 
0.091305 0.091308 0.311140 
0.091290 0.091292 0.311089 
0.091275 0.091277 0.311037 
0.091259 0.091262 0.310986 
0.091244 0.091247 0.310935 
0.091229 0.091231 0.310884 
0.091214 0.091216 0.310833 
0.091198 0.091201 0.310782 
0.091183 0.091186 0.310731 
0.091168 0.091171 0.310680 
0.091153 0.091155 0.310629 
0.091138 0.091140 0.310578 
0.091123 0.091125 0.310528 
0.091108 0.091110 0.310477 
0.091093 0.091095 0.310426 
0.091078 0.091080 0.310376 
0.091063 0.091065 0.310326 
0.091048 0.091050 0.310275 
0.091033 0.091035 0.310225 
0.091018 0.091020 0.310175 
0.091003 0.091005 0.310125 
0.090988 0.090990 0.310075 
0.090973 0.090975 0.310025 
0.090958 0.090961 0.309975 
0.090943 0.090946 0.309925 
0.090929 0.090931 0.309876 
0.090914 0.090916 0.309826 
0.090899 0.090901 0.309777 
0.090884 0.090887 0.309727 
0.090870 0.090872 0.309678 
0.090855 0.090857 0.309628 
0.090840 0.090843 0.309579 
0.090826 0.090828 0.309530 
0.090811 0.090813 0.309481 
0.090796 0.090799 0.309432 
0.090782 0.090784 0.309383 
0.090767 0.090770 0.309334 
0.090753 0.090755 0.309285 
0.090738 0.090741 0.309236 
0.090724 0.090726 0.309187 
0.090709 0.090712 0.309139 
0.090695 0.090697 0.309090 
0.090680 0.090683 0.309042 
0.090666 0.090668 0.308993 
0.090651 0.090654 0.308945 
0.090637 0.090639 0.308896 
0.090623 0.090625 0.308848 
0.090608 0.090611 0.308800 
0.090594 0.090596 0.308752 
0.090580 0.090582 0.308704 
0.090565 0.090568 0.308656 
0.090551 0.090554 0.308608 
0.090537 0.090539 0.308560 
0.090523 0.090525 0.308512 
0.090509 0.090511 0.308465 
0.090494 0.090497 0.308417 
0.090480 0.090483 0.308370 
0.090466 0.090468 0.308322 
0.090452 0.090454 0.308275 
0.090438 0.090440 0.308227 
0.090424 0.090426 0.308180 
0.090410 0.090412 0.308133 
0.090396 0.090398 0.308086 
0.090382 0.090384 0.308038 
0.090368 0.090370 0.307991 
0.090354 0.090356 0.307944 
0.090340 0.090342 0.307897 
0.090326 0.090328 0.307851 
0.090312 0.090314 0.307804 
0.090298 0.090300 0.307757 
0.090284 0.090286 0.307710 
0.090270 0.090272 0.307664 
0.090256 0.090259 0.307617 
0.090243 0.090245 0.307571 
0.090229 0.090231 0.307524 
0.090215 0.090217 0.307478 
0.090201 0.090203 0.307432 
0.090187 0.090190 0.307386 
0.090174 0.090176 0.307339 
0.090160 0.090162 0.307293 
0.090146 0.090149 0.307247 
0.090133 0.090135 0.307201 
0.090119 0.090121 0.307155 
0.090105 0.090108 0.307110 
0.090092 0.090094 0.307064 
0.090078 0.090080 0.307018 
0.090065 0.090067 0.306972 
0.090051 0.090053 0.306927 
0.090037 0.090040 0.306881 
0.090024 0.090026 0.306836 
0.090010 0.090013 0.306790 
0.089997 0.089999 0.306745 
0.089983 0.089986 0.306700 
0.089970 0.089972 0.306655 
0.089957 0.089959 0.306609 
0.089943 0.089945 0.306564 
0.089930 0.089932 0.306519 
0.089916 0.089919 0.306474 
0.089903 0.089905 0.306429 
0.089890 0.089892 0.306384 
0.089876 0.089879 0.306340 
0.089863 0.089865 0.306295 
0.089850 0.089852 0.306250 
0.089836 0.089839 0.306205 
0.089823 0.089825 0.306161 
0.089810 0.089812 0.306116 
0.089797 0.089799 0.306072 
0.089783 0.089786 0.306027 
0.089770 0.089772 0.305983 
0.089757 0.089759 0.305939 
0.089744 0.089746 0.305895 
0.089731 0.089733 0.305850 
0.089718 0.089720 0.305806 
0.089705 0.089707 0.305762 
0.089692 0.089694 0.305718 
0.089678 0.089681 0.305674 
0.089665 0.089668 0.305630 
0.089652 0.089655 0.305587 
0.089639 0.089642 0.305543 
0.089626 0.089629 0.305499 
0.089613 0.089616 0.305455 
0.089600 0.089603 0.305412 
0.089588 0.089590 0.305368 
0.089575 0.089577 0.305325 
0.089562 0.089564 0.305281 
0.089549 0.089551 0.305238 
0.089536 0.089538 0.305195 
0.089523 0.089525 0.305151 
0.089510 0.089512 0.305108 
0.089497 0.089499 0.305065 
0.089485 0.089487 0.305022 
0.089472 0.089474 0.304979 
0.089459 0.089461 0.304936 
0.089446 0.089448 0.304893 
0.089433 0.089436 0.304850 
0.089421 0.089423 0.304807 
0.089408 0.089410 0.304764 
0.089395 0.089397 0.304721 
0.089383 0.089385 0.304679 
0.089370 0.089372 0.304636 
0.089357 0.089359 0.304594 
0.089345 0.089347 0.304551 
0.089332 0.089334 0.304509 
0.089319 0.089322 0.304466 
0.089307 0.089309 0.304424 
0.089294 0.089296 0.304382 
0.089282 0.089284 0.304339 
0.089269 0.089271 0.304297 
0.089257 0.089259 0.304255 
0.089244 0.089246 0.304213 
0.089232 0.089234 0.304171 
0.089219 0.089221 0.304129 
0.089207 0.089209 0.304087 
0.089194 0.089196 0.304045 
0.089182 0.089184 0.304003 
0.089169 0.089172 0.303961 
0.089157 0.089159 0.303920 
0.089145 0.089147 0.303878 
0.089132 0.089134 0.303836 
0.089120 0.089122 0.303795 
0.089108 0.089110 0.303753 
0.089095 0.089097 0.303712 
0.089083 0.089085 0.303670 
0.089071 0.089073 0.303629 
0.089058 0.089060 0.303588 
0.089046 0.089048 0.303546 
0.089034 0.089036 0.303505 
0.089022 0.089024 0.303464 
0.089010 0.089012 0.303423 
0.088997 0.088999 0.303382 
0.088985 0.088987 0.303341 
0.088973 0.088975 0.303300 
0.088961 0.088963 0.303259 
0.088949 0.088951 0.303218 
0.088937 0.088939 0.303177 
0.088924 0.088926 0.303136 
0.088912 0.088914 0.303096 
0.088900 0.088902 0.303055 
0.088888 0.088890 0.303014 
0.088876 0.088878 0.302974 
0.088864 0.088866 0.302933 
0.088852 0.088854 0.302893 
0.088840 0.088842 0.302852 
0.088828 0.088830 0.302812 
0.088816 0.088818 0.302772 
0.088804 0.088806 0.302731 
0.088792 0.088794 0.302691 
0.088780 0.088782 0.302651 
0.088768 0.088770 0.302611 
0.088756 0.088758 0.302571 
0.088745 0.088747 0.302531 
0.088733 0.088735 0.302491 
0.088721 0.088723 0.302451 
0.088709 0.088711 0.302411 
0.088697 0.088699 0.302371 
0.088685 0.088687 0.302331 
0.088674 0.088675 0.302292 
0.088662 0.088664 0.302252 
0.088650 0.088652 0.302212 
0.088638 0.088640 0.302173 
0.088626 0.088628 0.302133 
0.088615 0.088617 0.302093 
0.088603 0.088605 0.302054 
0.088591 0.088593 0.302015 
0.088580 0.088582 0.301975 
0.088568 0.088570 0.301936 
0.088556 0.088558 0.301897 
0.088545 0.088547 0.301857 
0.088533 0.088535 0.301818 
0.088521 0.088523 0.301779 
0.088510 0.088512 0.301740 
0.088498 0.088500 0.301701 
0.088487 0.088488 0.301662 
0.088475 0.088477 0.301623 
0.088463 0.088465 0.301584 
0.088452 0.088454 0.301545 
0.088440 0.088442 0.301506 
0.088429 0.088431 0.301467 
0.088417 0.088419 0.301429 
0.088406 0.088408 0.301390 
0.088394 0.088396 0.301351 
0.088383 0.088385 0.301313 
0.088371 0.088373 0.301274 
0.088360 0.088362 0.301236 
0.088349 0.088351 0.301197 
0.088337 0.088339 0.301159 
0.088326 0.088328 0.301120 
0.088314 0.088316 0.301082 
0.088303 0.088305 0.301044 
0.088292 0.088294 0.301005 
0.088280 0.088282 0.300967 
